mcu:,11052,11324,-7888,-1776,-9876,10736
mcu:,-3644,26120,-19516,-14314,-25776,-3840
mcu:,-4824,25736,-14264,9288,-2660,9614
mcu:,-4024,26232,-15044,5196,-8584,9518
mcu:,-4640,26636,-14508,6998,-6184,9452
mcu:,-4648,27020,-14004,6192,-7194,9730
mcu:,-4736,26884,-14044,5844,-6804,9590
mcu:,-5040,27112,-13840,6514,-6544,9696
mcu:,-5900,21640,-11700,15306,8292,4734
mcu:,14448,11016,-8124,8634,4482,-2960
mcu:,14068,13532,-5984,5648,-9870,14030
mcu:,4048,3284,-24396,-32768,-23816,2230
mcu:,-5188,26792,-13676,6168,-5740,9818
mcu:,-4912,26788,-14188,6718,-6714,9850
mcu:,-5108,26976,-13692,6188,-6888,9650
mcu:,-5240,27076,-13464,6772,-6420,9874
mcu:,-5444,26860,-13312,6924,-6162,9694
mcu:,-4908,27396,-13568,7474,-7626,10014
mcu:,-1964,25692,-20820,24928,16802,10156
mcu:,12904,11820,-8520,8692,-4972,2970
mcu:,14684,12564,-6676,1544,-9700,14834
mcu:,2460,6668,-4176,-32768,-32768,-5092
mcu:,-4956,25984,-14460,5792,-4252,7804
mcu:,-5236,26340,-13484,7226,-4308,8008
mcu:,-5088,26144,-13892,6706,-6308,9654
mcu:,-5092,26364,-13964,6596,-7084,9920
mcu:,-5204,26096,-13660,6788,-6818,9786
mcu:,-5124,26332,-13792,6694,-6504,9798
mcu:,5572,14936,-21384,32767,32767,20760
mcu:,9128,10172,-2312,20742,-13078,4894
mcu:,10624,15844,-5956,4876,-8672,5356
mcu:,4820,17876,-20568,-14934,-32148,-1502
mcu:,-3776,26608,-15404,5882,-6664,9412
mcu:,-4116,27196,-14768,6026,-8002,9742
mcu:,-3832,27228,-15016,6448,-6936,9494
mcu:,-4004,27264,-14800,6736,-6912,9842
mcu:,-3740,27348,-14640,6908,-6788,9932
mcu:,-3452,26456,-15272,5650,-8660,9872
mcu:,3956,21512,-23200,25372,14754,17638
mcu:,13484,16312,-12844,3346,-2926,5798
mcu:,15144,13584,-11716,7646,-10076,14212
mcu:,4492,19280,-22184,-15786,-24216,-1054
mcu:,-3488,26072,-15840,7098,-4194,9478
mcu:,-3284,26996,-15928,7016,-6568,9500
mcu:,-3604,26788,-15720,7050,-7078,9792
mcu:,-3624,26540,-15360,5802,-7100,9464
mcu:,-3764,27032,-15332,6200,-7426,9714
mcu:,-3796,27020,-15268,6466,-6900,10262
mcu:,8,23396,-20572,22100,8766,15390
mcu:,11944,13904,-12432,2684,158,5496
mcu:,12628,18260,-11732,9276,-9558,12464
mcu:,12628,18260,-11732,9276,-9558,12464
mcu:,-6228,28852,-13284,7776,-4570,8674
mcu:,-5464,26548,-13564,5136,-6870,8864
mcu:,-5532,26480,-13148,5456,-7532,9808
mcu:,-5556,27004,-13276,6844,-6462,9742
mcu:,-5528,27096,-14220,5758,-6564,9696
mcu:,-5348,27240,-12968,6892,-6734,9798
mcu:,10176,8004,-18196,19772,22444,19264
mcu:,12956,17564,-6904,7232,-11026,9520
mcu:,8400,18076,-4340,2662,-32768,13096
mcu:,-5748,30348,-14532,-5736,-19962,2844
mcu:,-4144,26216,-14708,4402,-8250,8820
mcu:,-4636,27104,-13972,5614,-7940,8946
mcu:,-4336,26964,-14668,6744,-7244,10264
mcu:,-4560,27396,-14340,6802,-6876,9330
mcu:,-4820,27536,-13692,7198,-6954,9708
mcu:,-4844,28224,-13668,8882,-6106,10430
mcu:,12296,3952,-20536,21972,1060,14518
mcu:,13340,11064,-14204,10942,1246,18526
mcu:,8512,10128,-21292,-5860,-32768,1210
mcu:,-5580,28912,-13868,10942,-7146,8506
mcu:,-4636,27452,-14080,6516,-7794,9840
mcu:,-4668,27312,-13748,7040,-6118,9454
mcu:,-4632,27648,-13792,6738,-6750,9550
mcu:,-4888,27420,-14056,6626,-6814,9816
mcu:,-4792,27796,-13720,6696,-6822,9832
mcu:,-4664,30924,-16544,17228,3452,12982
mcu:,12720,14424,-12108,1894,1352,220
mcu:,14260,14844,-6552,5148,-4818,10402
mcu:,4996,13592,-18392,-3674,-32768,-224
mcu:,-4380,27552,-15480,2846,-8108,7744
mcu:,-4880,27492,-14172,4452,-8360,8776
mcu:,-4276,26264,-14544,7158,-5208,9402
mcu:,-4372,26696,-14548,6270,-7534,9744
mcu:,-4624,26860,-14408,5872,-7310,9274
mcu:,-4768,26924,-14220,6832,-6252,9668
mcu:,-4140,29500,-16732,12670,722,11800
mcu:,28980,1400,-3048,26996,10998,7524
mcu:,11780,15764,-4812,28114,-972,11226
mcu:,9004,15832,-18384,-290,-32266,2274
mcu:,-3836,28480,-15764,14140,-8470,13620
mcu:,-3952,27504,-15136,5358,-7418,9378
mcu:,-4064,26728,-15032,6550,-6408,9402
mcu:,-3932,27172,-14896,7112,-6340,9686
mcu:,-4228,26932,-14892,6862,-6430,9372
mcu:,-4340,27120,-14528,6768,-6916,9786
mcu:,-2060,28372,-22104,29070,19874,11174
mcu:,13576,14408,-9932,-1248,-3582,254
mcu:,14144,17456,-10748,13384,-11742,16538
mcu:,-932,25680,-21924,-10690,-28598,2468
mcu:,-4392,25996,-14724,5588,-5272,9176
mcu:,-4300,27412,-14544,6474,-6216,9398
mcu:,-4436,27048,-14472,6390,-7304,10040
mcu:,-3844,26772,-14956,6408,-7380,9546
mcu:,-4232,27012,-14468,7658,-6566,9752
mcu:,-4536,27120,-14280,7364,-6306,9426
mcu:,-2664,31484,-17028,15792,-1164,12634
mcu:,11444,12744,-8796,12262,-4092,4866
mcu:,12244,16888,-9988,9510,-11936,13512
mcu:,4804,19144,-32768,-32768,-30400,-1400
mcu:,-3404,26024,-14624,5228,-3564,8546
mcu:,-4108,27064,-14804,5570,-7126,8810
mcu:,-3856,26372,-15008,6254,-8100,10228
mcu:,-4004,26700,-14940,6330,-6482,9060
mcu:,-4104,27088,-14644,6970,-6406,9662
mcu:,-4004,27388,-14572,7112,-7122,10104
mcu:,6156,18460,-23916,27752,23046,17572
mcu:,13344,19276,-15320,-218,1506,9266
mcu:,13468,22012,-15012,13088,-13972,10358
mcu:,1460,24728,-22620,-9822,-23454,3148
mcu:,-3628,26972,-15144,6220,-5112,9300
mcu:,-4076,27016,-15160,6864,-7046,9944
mcu:,-3980,27048,-14816,6090,-7466,9306
mcu:,-4076,26924,-14704,6472,-6968,9840
mcu:,-4216,27096,-14892,6508,-6436,9586
mcu:,-4212,27324,-14660,7142,-6326,9786
mcu:,-556,25156,-21724,22922,15972,12558
mcu:,11984,11672,-11936,1982,1158,5606
mcu:,12500,15056,-9972,10954,-8086,17824
mcu:,6756,19920,-22192,-32336,-29158,-3460
mcu:,-5096,27256,-13780,8216,-1930,9088
mcu:,-3784,27036,-14704,4830,-8084,9354
mcu:,-3344,26860,-15188,6520,-6696,9572
mcu:,-3476,27116,-15360,7210,-6352,9674
mcu:,-3788,26904,-15264,6442,-7156,9404
mcu:,-3940,27056,-15184,6138,-7152,9386
mcu:,2240,25892,-23840,29322,17902,14672
mcu:,10780,11748,-7896,4322,-2096,2996
mcu:,14224,14564,-11332,9288,-10528,16466
mcu:,-812,26316,-21420,-8288,-28512,8184
mcu:,-4184,26556,-14328,5482,-5756,9426
mcu:,-4364,27424,-14972,7434,-5968,9950
mcu:,-4096,27404,-14988,7422,-6070,9510
mcu:,-3820,27104,-15028,7034,-6756,9396
mcu:,-4120,26932,-14720,7228,-6336,9556
mcu:,-3868,26888,-15212,6536,-6962,9362
mcu:,-3092,28084,-17924,16484,5932,10944
mcu:,8976,10432,-13752,-4684,4722,2516
mcu:,13060,15688,-10060,10440,-4440,11960
mcu:,4692,20348,-22812,-14778,-27972,-2728
mcu:,-4408,27064,-15248,3702,-7256,9112
mcu:,-3904,27784,-15128,7624,-6648,10070
mcu:,-3648,26868,-15260,6750,-7188,9720
mcu:,-4020,26764,-15044,5712,-7324,9726
mcu:,-3648,26908,-15464,6678,-6612,10104
mcu:,-3600,27256,-15104,6932,-7044,10010
mcu:,5340,20240,-22616,24370,14844,16190
mcu:,14516,15600,-12992,296,-2230,3684
mcu:,14144,14792,-10820,8834,-10820,15770
mcu:,-3672,26756,-19220,-822,-30600,8288
mcu:,-3868,27176,-15352,6272,-5404,9278
mcu:,-3720,27660,-15128,6634,-6006,9604
mcu:,-3752,27504,-15144,6946,-6176,9702
mcu:,-3496,27264,-15208,6654,-6506,9696
mcu:,-4028,27568,-14876,5358,-8126,9578
mcu:,-3924,27964,-14704,6660,-7158,10198
mcu:,8600,12980,-18404,26174,17874,20204
mcu:,11800,16664,-10664,8486,-3240,10812
mcu:,10336,13352,-20416,3384,-32768,2278
mcu:,-4812,28048,-17288,17926,-1438,13466
mcu:,-3776,28144,-15576,6214,-6524,8846
mcu:,-3556,27280,-15232,6816,-6698,9916
mcu:,-3652,27116,-15688,6538,-6866,9462
mcu:,-3264,27140,-15556,6592,-6748,9522
