:,6996,12672,7536,-1012,686,-436
mcu:,6700,13472,7072,-649,365,45
mcu:,7064,12656,7260,-103,201,576
mcu:,5516,14084,6912,-1302,99,-880
mcu:,7812,15552,4732,5663,-3941,8944
mcu:,13616,5140,-8700,5871,-814,1596
mcu:,6556,10784,1620,-20446,9678,-21099
mcu:,3752,17516,7244,5957,1520,7049
mcu:,13508,4120,-17368,13840,-13587,6712
mcu:,13648,4908,-6504,-11417,10526,-6605
mcu:,1832,14776,12688,3595,2795,8350
mcu:,7836,10868,1828,19480,-2772,14453
mcu:,14704,3368,-10628,-4905,3555,-1534
mcu:,7164,9132,2660,-14486,9020,-19071
mcu:,4136,13060,5796,2085,2648,872
mcu:,10140,10604,1136,6210,-5780,11448
mcu:,12584,2304,-9524,-3880,4248,-2940
mcu:,6612,11892,5620,-11899,6938,-18904
mcu:,2972,13728,6164,-622,-910,1384
mcu:,9612,14156,6056,8873,-9329,12200
mcu:,13212,2564,-10956,-3469,2394,-1264
mcu:,4572,13508,5216,-12082,9091,-20264
mcu:,3116,14180,7320,1238,-2591,2221
mcu:,11180,7808,-316,12356,-9351,10857
mcu:,14068,4112,-11584,-3195,3934,-2279
mcu:,8132,12020,812,-14606,9519,-18560
mcu:,3688,13356,6816,797,1541,1844
mcu:,9548,6204,1248,12603,-9973,12204
mcu:,13288,3192,-11300,-6399,3707,-2227
mcu:,2804,13440,10268,-7231,6148,-21785
mcu:,4540,14628,8004,-895,-2068,3627
mcu:,7952,2676,-7980,14246,-6211,7193
mcu:,15768,4976,-8952,-8058,3094,-696
mcu:,4004,17648,12380,-5177,-2051,-18719
mcu:,5076,14400,8168,-1825,1524,-1213
mcu:,9844,7836,-264,14232,-8449,10719
mcu:,13976,3048,-10264,-9594,4855,-3161
mcu:,5848,18684,9336,-13600,3472,-15616
mcu:,3880,16944,9476,8731,-2544,5979
mcu:,12856,4148,-7848,8036,-9666,2370
mcu:,13704,5532,-6288,-13764,8710,-6095
mcu:,3128,17660,13060,2857,6686,-6460
mcu:,5164,15372,9612,2890,-2899,4573
mcu:,11900,2848,-5960,10206,-7846,2825
mcu:,11900,2848,-5960,10206,-7846,2825
mcu:,1740,18368,10952,-750,5253,679
mcu:,3476,17044,9788,4775,-1010,3142
mcu:,13484,5668,-10752,11083,-6668,4205
mcu:,13484,5668,-10752,11083,-6668,4205
mcu:,2900,16936,13956,-4361,5739,-10651
mcu:,5208,15012,7968,1191,-526,2839
mcu:,11700,5332,-3544,9746,-10074,5365
mcu:,15128,4524,-7956,-8018,3394,-681
mcu:,5632,15672,9432,-5078,3910,-19326
mcu:,5624,14088,8424,-1064,404,-127
mcu:,10476,6896,-1260,15779,-7071,6097
mcu:,15040,3052,-6720,-7542,3444,-857
mcu:,6124,22064,10448,-11434,1016,-15699
mcu:,3864,17464,10912,638,-420,2030
mcu:,13976,7712,-6108,10916,-9509,8994
mcu:,13108,5208,-5016,-16824,10903,-5633
mcu:,1832,15488,10144,991,-1514,2501
mcu:,7696,13888,10120,5369,-7087,13502
mcu:,14392,4836,-7884,6205,-6481,4156
mcu:,14424,4300,-6344,-11083,7965,-2522
mcu:,6504,17916,10400,-4533,12699,-16143
mcu:,6612,13448,7400,-391,2133,-1659
mcu:,11948,5936,-2692,11918,-8071,9174
mcu:,14156,3964,-6056,-7173,8081,-1175
mcu:,3392,17640,9180,-927,8998,-7764
mcu:,6384,14380,8272,-909,-946,2407
mcu:,9620,8048,-624,11832,-5460,7344
mcu:,14680,5572,-8236,-3853,3581,36
mcu:,8780,13324,5696,-6904,5509,-12419
mcu:,6888,14276,8200,1894,-343,2694
mcu:,12196,6624,-7668,12720,-4563,4260
mcu:,14076,5812,-5824,-8657,10866,-7422
mcu:,4752,17520,9464,-10231,4941,4905
mcu:,6032,17376,12332,5118,-5484,10174
mcu:,15160,6172,-4524,6409,-6244,4426
mcu:,13528,4380,-3036,-9674,9287,-7472
mcu:,3908,15512,9848,-856,2854,-3118
mcu:,10468,13124,8276,8246,-6802,10961
mcu:,14844,3464,-9164,5383,-1318,2250
mcu:,12844,7824,-2228,-12821,8078,-12644
mcu:,4520,13880,8100,175,-715,217
mcu:,5020,15008,9484,713,-941,1826
mcu:,5020,15008,9484,713,-941,1826
mcu:,14496,3932,-4736,-9776,9449,-7163
mcu:,3116,18080,10712,-3065,6471,-1358
mcu:,4780,16508,10024,4401,-3425,6447
mcu:,15044,7712,-5864,5338,-8032,9725
mcu:,13592,5176,-5064,-11263,9411,-5541
mcu:,4848,16576,10988,-2177,403,205
mcu:,2796,19888,8368,2990,-3711,7861
mcu:,15892,4868,-11312,9716,-7572,5766
mcu:,13468,3876,-6728,-7250,12824,-5861
mcu:,3040,17684,9852,1003,3969,136
mcu:,5932,16824,9568,3869,-4429,6289
mcu:,12312,1988,-4004,4729,-10870,5071
mcu:,14876,3392,-8096,-7978,10660,-4909
mcu:,4264,17636,11188,-10141,6298,-11952
mcu:,4584,16532,9064,4917,-1525,7717
mcu:,12804,5312,-10584,8167,-10126,8345
mcu:,11268,4584,-2816,-16498,13214,-12067
mcu:,2324,16808,9432,466,2453,-2145
mcu:,9124,13632,7316,9180,-6813,15961
mcu:,14636,5112,-10116,4316,-1070,1346
mcu:,9316,7568,-2320,-11674,12599,-17320
mcu:,3920,12984,6804,-1063,203,3498
mcu:,7936,16416,7956,7993,-7441,13771
mcu:,14556,2916,-9948,6927,-1405,2234
mcu:,11068,7004,184,-13508,11739,-11292
mcu:,4412,12932,6288,-141,169,3797
mcu:,6092,16784,10116,8488,-6922,10261
mcu:,14524,3704,-8148,5805,-550,2198
mcu:,11512,8092,1412,-13847,10257,-11567
mcu:,5360,11064,5164,-1418,1649,3163
mcu:,10904,13052,3768,5840,-3299,12843
mcu:,14404,4544,-9412,2229,194,794
mcu:,10116,9292,2440,-16138,10573,-15776
mcu:,4400,13632,6620,-1105,3280,1170
mcu:,8240,14252,8376,5169,-7828,14004
mcu:,14516,5236,-9460,920,-2782,1809
mcu:,12064,8928,-564,-12587,13165,-13379
mcu:,5084,12704,7560,-664,694,2179
mcu:,8704,9872,2684,4262,-9583,8468
mcu:,14752,5440,-9532,-493,727,-883
mcu:,10056,10740,912,-11434,7672,-13430
mcu:,4044,13224,6688,-1280,2449,1597
mcu:,6996,16040,7444,5077,-4084,10769
mcu:,14032,5844,-7968,6147,-1005,766
mcu:,10216,4976,-1356,-15320,12579,-7526
mcu:,4372,13076,6760,-1029,-1686,1804
mcu:,10240,13272,5140,10437,-5903,13787
mcu:,13892,4304,-10432,502,-531,1525
mcu:,9904,8308,2524,-14037,8526,-15450
mcu:,5044,13004,7300,-1350,467,2572
mcu:,9208,14220,3168,11305,-8508,8051
mcu:,13980,4688,-10876,90,2850,-489
mcu:,6000,13380,7360,-12436,5624,-14854
mcu:,6048,12936,9080,121,-652,706
mcu:,12332,5508,-4288,10286,-9765,7663
mcu:,14552,4640,-12556,-6513,3293,-1031
mcu:,5024,17936,12032,-8482,-341,-13285
mcu:,6856,14932,7328,64,-436,1227
mcu:,12640,7988,-3312,11072,-10663,9989
mcu:,14916,3652,-9468,-5412,2324,-726
mcu:,6172,15404,9348,-10590,2754,-15522
mcu:,4752,13612,8816,-316,-1192,721
mcu:,11068,10252,1948,12481,-6644,8976
mcu:,14192,2448,-9084,-4104,1998,-793
mcu:,3984,11808,5724,-11631,8895,-18516
mcu:,4980,14496,7884,-662,346,-527
mcu:,11156,8936,2128,12813,-6338,8038
mcu:,14816,3440,-8996,-5771,1606,-1151
mcu:,5964,13156,7772,-10832,2310,-15014
mcu:,5136,13900,7380,169,375,1956
mcu:,10792,8720,2556,11843,-7347,10240
mcu:,15264,3500,-11836,-4144,3865,-2054
mcu:,8236,15296,9964,-8017,-1624,-8568
mcu:,6656,14816,8604,3070,282,2601
mcu:,11572,9640,-2408,11781,-8259,9191
mcu:,14684,4092,-9932,-5905,3132,-781
mcu:,5312,14592,10900,-2282,674,-13514
mcu:,4452,14472,8748,-478,129,1953
mcu:,10464,6984,-1936,11139,-10706,10502
mcu:,13808,3492,-9040,-6278,2742,-1970
mcu:,4736,13472,9164,-12389,2661,-14514
mcu:,5240,13388,7160,-607,505,518
mcu:,10436,9464,2092,10203,-7322,9509
mcu:,14340,3516,-10132,-2485,1346,-1134
mcu:,7400,10624,3824,-8538,8243,-14444
mcu:,5564,12420,7788,-2460,1551,-758
mcu:,9848,10812,4080,9676,-5724,10891
mcu:,15364,5888,-9820,3571,-1804,2918
mcu:,10988,8592,-3840,-12048,7742,-11140
mcu:,4300,13284,8872,-962,15,2053
mcu:,10904,11324,4512,9309,-5723,9224
mcu:,10904,11324,4512,9309,-5723,9224
mcu:,11588,12108,700,-14290,8077,-11728
mcu:,6336,12968,7140,-148,2007,1138
mcu:,10328,12292,3804,7445,-7380,10339
mcu:,10328,12292,3804,7445,-7380,10339
mcu:,11284,12760,2788,-12010,8178,-12658
mcu:,6072,13340,7004,-556,1391,1833
mcu:,10916,10764,1888,8903,-6805,8063
mcu:,12396,5040,-11376,-322,808,297
mcu:,5720,12728,7152,-5053,7144,-15028
mcu:,4460,15708,5260,3464,-631,2288
mcu:,12312,7956,-6668,12264,-8589,6127
mcu:,12412,5564,-10944,-7507,5178,-1760
mcu:,5988,19888,8912,-8235,-2221,-12636
mcu:,6984,17908,8188,1753,-3602,4101
mcu:,11668,7024,-10892,12973,-5263,5363
mcu:,11960,10492,-6176,-12447,14551,-3872
mcu:,3600,13500,8308,1427,8548,1282
mcu:,4760,15960,7224,4927,-1918,4874
mcu:,13008,7724,-7400,10040,-6958,4349
mcu:,12012,6316,-8292,-9317,7316,-1641
mcu:,4532,17724,9624,-1837,8465,815
mcu:,5512,16336,7748,1909,1270,2259
mcu:,14412,5904,-6068,5409,-6825,4894
mcu:,13052,5808,-7056,-6552,13392,-2184
mcu:,8140,19640,6480,-995,11911,-6466
mcu:,5840,14840,7912,4556,-565,4472
mcu:,13760,7524,-6480,10494,-4892,4045
mcu:,14304,5472,-7220,-10480,3490,-2696
mcu:,5872,21864,10576,-2319,9969,-8404
mcu:,5036,16044,8892,5997,-1172,4323
mcu:,15016,10108,-6784,9538,-6244,3241
mcu:,14092,8616,-9440,-9129,8974,-6009
mcu:,6908,17740,8848,-2777,7746,-7956
mcu:,6384,17228,8360,5191,-3834,7091
mcu:,13536,7556,-9604,6626,-2931,4216
mcu:,12900,6908,-6876,-10191,6153,-2877
mcu:,6248,19232,8112,465,6206,-2858
mcu:,6380,14924,7604,3270,-2463,3322
mcu:,11420,9892,-7164,12297,-6213,4789
mcu:,11420,9892,-7164,12297,-6213,4789
mcu:,5640,15820,9840,-8149,1956,-13438
mcu:,6000,15756,6960,6115,-1560,8308
mcu:,12228,5108,-6832,5773,-4904,3748
mcu:,10224,4244,-652,-13555,10921,-11446
mcu:,3696,13972,8268,1276,-1648,-53
mcu:,8548,14372,5044,8759,-5953,13584
mcu:,13240,7840,-11960,6258,-472,826
mcu:,11900,12020,-4888,-7741,8967,-9121
mcu:,1600,18652,6188,-3000,-713,152
mcu:,8056,16428,7664,6681,-6980,12231
mcu:,13160,5344,-9448,5161,-372,184
mcu:,11440,6164,-4496,-11077,11262,-11881
mcu:,5452,12888,6192,-3499,726,2263
mcu:,9588,13520,524,8546,-7427,9045
mcu:,13992,6064,-9172,352,1322,-870
mcu:,10076,8972,-4144,-8549,7867,-11686
mcu:,3644,15076,7388,-1826,4000,72
mcu:,7072,15788,7908,2524,-1879,5532
mcu:,13160,5968,-7968,5083,-5178,4240
mcu:,12780,7048,-7376,-12494,12922,-4509
mcu:,1664,19052,10084,-2292,2931,-5102
mcu:,7476,16608,7080,5051,-5551,12054
mcu:,11948,4348,-9852,5156,-4186,1146
mcu:,13004,6948,-7588,-8125,10762,-3303
mcu:,5524,16728,10580,-4186,8397,-3440
mcu:,3520,14256,8160,572,-1220,1413
mcu:,9408,6932,-3676,9307,-4723,6884
mcu:,14636,3868,-9216,-4540,2276,-354
mcu:,5472,17340,8120,-10992,-167,-13732
mcu:,3616,17132,8784,4196,-2365,6413
mcu:,3616,17132,8784,4196,-2365,6413
mcu:,3616,17132,8784,4196,-2365,6413
mcu:,5932,16532,12948,-8802,8442,-6990
mcu:,5532,16160,10432,4138,-4382,8034
mcu:,5532,16160,10432,4138,-4382,8034
mcu:,5532,16160,10432,4138,-4382,8034
mcu:,1876,15652,11888,4331,-1949,-2965
mcu:,7752,16136,5724,9266,-6457,10735
mcu:,7752,16136,5724,9266,-6457,10735
mcu:,12688,7472,-7436,-6834,11466,-2850
mcu:,2200,17856,9764,-581,9014,865
mcu:,4212,17128,10088,5671,-5099,8932
mcu:,12136,6992,-7516,8705,-5058,3353
mcu:,13264,6948,-6908,-12103,3627,-3631
mcu:,4916,17984,7576,-6755,4804,-8786
mcu:,6600,17616,8792,5777,-3740,9652
mcu:,13344,5612,-5936,12652,-3542,2613
mcu:,12648,6660,-6264,-14715,6343,-1897
mcu:,848,18928,9448,-6553,10078,-6478
mcu:,8888,14244,5448,5029,-7125,15274
mcu:,12904,4920,-6276,9492,-2030,2414
mcu:,15248,5980,-5848,-11056,6681,-3634
mcu:,4720,16744,10608,-5027,10183,-7863
mcu:,5756,17556,6820,10265,-1822,8914
mcu:,13036,3832,-7764,5854,-2559,2032
mcu:,13100,8132,-6096,-8715,11155,-2625
mcu:,2608,17760,11580,-7166,9152,-5321
mcu:,7544,14868,6140,7906,-4316,11172
mcu:,11700,4412,-10024,6492,-41,720
mcu:,11592,6496,-1740,-11551,8902,-8068
mcu:,3496,13924,7396,-1615,3075,306
mcu:,6052,19384,9868,6005,-4536,9213
mcu:,20272,5612,-9156,-736,-1987,-1817
mcu:,13448,5736,-5308,-13315,4669,-5799
mcu:,2968,15076,11536,220,3221,2467
mcu:,9256,12556,3224,10218,-10818,11345
mcu:,12504,4556,-12684,1421,2121,-908
mcu:,8312,9188,6736,-15011,10059,-15125
mcu:,5880,14376,10260,381,1075,740
mcu:,12104,10028,-1824,10828,-8340,9140
mcu:,14644,3928,-8068,328,2788,754
mcu:,8404,13100,5748,-12313,5033,-13543
mcu:,5904,12756,8576,-873,-671,-1192
mcu:,9812,11248,3360,9085,-9203,9858
mcu:,14000,5276,-8984,1567,96,619
mcu:,10088,9956,-1268,-11665,7961,-9936
mcu:,5068,12312,7228,-1141,2331,2033
mcu:,8672,11712,2148,10003,-12375,8944
mcu:,13556,5476,-10792,1234,854,903
mcu:,7656,12252,2972,-12077,6722,-13165
mcu:,3928,12248,7000,-1074,3126,303
mcu:,9952,12220,1288,10343,-11534,9902
mcu:,12432,4876,-11712,2551,511,-461
mcu:,9248,7364,520,-14149,13788,-9415
mcu:,4476,12600,6840,-1634,2539,-456
mcu:,9660,10444,2268,8758,-11735,6298
mcu:,13272,6048,-10072,-1341,906,1906
mcu:,8992,8588,1656,-9581,10008,-13870
mcu:,4572,14168,7452,376,2424,-829
mcu:,10256,8852,-168,6840,-9707,11480
mcu:,10256,8852,-168,6840,-9707,11480
mcu:,7120,21740,10540,-11887,2870,-15988
mcu:,4824,13156,9508,469,2686,-1561
mcu:,9948,7396,-2116,8009,-10669,13897
mcu:,14656,5028,-8712,-1253,2012,-591
mcu:,3648,19876,7768,-13296,1477,-13570
mcu:,5656,13860,6832,-2740,1478,621
mcu:,7920,13084,3344,14597,-10946,10258
mcu:,13212,6348,-11272,-3759,4159,-1824
mcu:,6564,21520,10828,-14488,1338,-14724
mcu:,4792,13316,8868,1182,937,551
mcu:,12436,6180,-3052,9200,-9621,10234
mcu:,12436,6180,-3052,9200,-9621,10234
mcu:,8696,19124,7764,-8231,-1603,-10426
mcu:,5668,12924,8268,-834,1768,-151
mcu:,10976,9884,3164,12061,-7687,10147
mcu:,10976,9884,3164,12061,-7687,10147
mcu:,5116,15664,6780,-11354,1609,-11430
mcu:,5492,13156,7800,-860,217,939
mcu:,10948,10536,1388,8656,-12627,10336
mcu:,0,0,0,0,0,0
mcu:,7888,13268,3236,-7934,10052,-19390
mcu:,4388,14920,6556,2055,1986,1475
mcu:,10432,12484,-1260,9351,-9280,11952
mcu:,12676,7520,-10164,-2401,1779,355
mcu:,8316,6952,5164,-14735,7166,-17619
mcu:,3548,13892,9836,365,1747,-1666
mcu:,9024,9568,-2728,10707,-9970,10975
mcu:,12956,6560,-9544,-3090,2003,-1624
mcu:,6000,14872,7196,-12653,4118,-13622
mcu:,2956,15420,10732,4300,939,48
mcu:,12120,7956,-4516,9743,-8054,7869
mcu:,13100,5988,-10596,-4328,2857,-963
mcu:,7136,11216,6192,-10506,5515,-15232
mcu:,6464,14008,7556,-2956,1834,-2246
mcu:,11088,8396,-2288,8902,-7118,9821
mcu:,13848,6136,-9396,-1793,754,743
mcu:,6760,13264,5028,-9671,6470,-16933
mcu:,6520,13644,7140,-848,1175,-2081
mcu:,10028,11768,1796,12411,-8719,9969
mcu:,14564,5152,-8840,-70,1782,916
mcu:,10040,7632,1392,-14575,9809,-14463
mcu:,6028,13700,7592,-1189,1735,397
mcu:,10836,6076,-1348,10311,-8256,8444
mcu:,14652,3944,-7812,-5887,1864,-1146
mcu:,7280,13744,7452,-7885,6109,-13809
mcu:,4920,15252,8284,-342,-1810,2011
mcu:,12548,8432,-1580,11166,-6850,7666
mcu:,14464,4688,-8680,1912,2509,-1289
mcu:,9468,11996,1236,-10626,7058,-15175
mcu:,4308,13520,9044,-679,-395,1927
mcu:,9068,6592,-1296,11691,-9881,9932
mcu:,14948,4568,-8208,-2488,864,-229
mcu:,9000,12032,2528,-9054,5107,-13115
mcu:,5876,14452,7332,-1995,2426,-2640
mcu:,8224,13644,3696,11239,-5470,9718
mcu:,8224,13644,3696,11239,-5470,9718
mcu:,11500,8492,-4536,-14316,13851,-8770
mcu:,4492,13024,8380,-1705,-876,91
mcu:,9268,12600,2984,14361,-4202,10787
mcu:,13372,3020,-12132,1621,815,576
mcu:,10064,12500,2108,-15611,8665,-12722
mcu:,4268,11776,8316,387,-991,4211
mcu:,9736,9588,2796,4293,-10540,7595
mcu:,12932,5464,-10596,189,1362,439
mcu:,9004,9492,-1340,-11613,8375,-10218
mcu:,3392,13764,8892,-400,-1281,3487
mcu:,7956,8560,2064,10416,-10520,7987
mcu:,12788,3516,-12348,-761,3350,-375
mcu:,10112,7172,2916,-14819,8127,-8996
mcu:,6028,13480,7608,646,2360,-399
mcu:,12040,8296,-3760,13350,-9486,7921
mcu:,12120,4316,-12568,-4845,4084,-442
mcu:,6908,13108,5544,-14081,4296,-10883
mcu:,4800,13540,9728,4706,-2609,4072
mcu:,12300,6748,-4032,10980,-8128,9443
mcu:,12300,6748,-4032,10980,-8128,9443
mcu:,5476,17132,9668,-5029,6296,-10184
mcu:,6872,15356,9992,6616,-5371,9315
mcu:,12200,5932,-13856,10006,-4845,3024
mcu:,10852,4388,-1244,-14180,11945,-9729
mcu:,4556,13496,7796,1295,-1335,792
mcu:,3640,15716,9136,3579,-413,3864
mcu:,12120,8504,-2580,11123,-4912,3462
mcu:,13984,4904,-8604,-6756,2886,-2537
mcu:,5500,22740,6680,-10943,-295,-9047
mcu:,6476,16408,7628,6033,-5288,11258
mcu:,12660,5416,-9508,8578,-5761,1482
mcu:,12660,5416,-9508,8578,-5761,1482
mcu:,7864,17824,8960,-5021,9542,-5120
mcu:,5632,15700,7668,560,220,1277
mcu:,10668,7708,-3668,12917,-10346,8588
mcu:,12348,5292,-11352,-611,3734,-149
mcu:,3452,14152,6100,-9355,8893,-17187
mcu:,4776,17272,9416,4270,-1618,5464
mcu:,13164,6884,-2700,10995,-11803,7146
mcu:,13904,3116,-11456,-8442,2383,959
mcu:,4672,15100,7032,-9791,3085,-11754
mcu:,5932,16908,8552,7089,-4698,9500
mcu:,13488,5880,-10560,10415,-5608,2928
mcu:,13044,4456,-9796,-7042,10043,-497
mcu:,6568,19312,11136,-8011,10550,-5284
mcu:,7596,14692,7232,8251,-4243,10780
mcu:,7596,14692,7232,8251,-4243,10780
mcu:,12044,2420,-7956,-13062,12597,-6491
mcu:,2232,17256,9744,2806,53,2247
mcu:,7764,14676,5148,13385,-5502,11603
mcu:,12260,5080,-13160,7463,826,-242
mcu:,12404,6828,-3520,-10479,12574,-8331
mcu:,3348,15528,8300,2446,-4365,6022
mcu:,10836,11776,3340,6816,-8544,11270
mcu:,12812,6240,-11776,4643,-128,-336
mcu:,11652,9784,-4336,-8378,11671,-6123
mcu:,3444,16488,9044,-543,-844,5659
mcu:,9720,11376,-660,10412,-6267,7081
mcu:,12468,4792,-12660,-376,235,-554
mcu:,9804,9632,-120,-8419,11901,-11709
mcu:,3556,13192,7444,2099,-175,722
mcu:,10536,8660,-1736,7561,-5155,7505
mcu:,13436,5152,-10588,-3842,1903,-1103
mcu:,6776,9888,4984,-10571,9872,-9728
mcu:,3088,13572,7488,-561,1350,-2970
mcu:,10392,9640,-864,13025,-7771,8944
mcu:,12688,6584,-10516,-372,550,-233
mcu:,7024,13060,3604,-16737,8213,-8726
mcu:,2496,15740,8220,52,-615,1910
mcu:,9684,9784,-1628,9486,-4837,6521
mcu:,13264,6984,-9368,-450,481,383
mcu:,7808,11120,1404,-11578,10224,-10851
mcu:,3132,11492,7096,212,2301,-507
mcu:,8912,10992,948,12229,-8455,10313
mcu:,13164,6060,-10356,2194,333,17
mcu:,9656,9668,-5184,-8684,12464,-159
mcu:,4384,13156,5844,1276,3763,-1538
mcu:,10612,9684,176,6914,-8225,5277
mcu:,12020,6728,-10964,-1601,2239,-586
mcu:,4212,17360,11600,-15775,6095,-21806
mcu:,4408,15328,10104,-430,-1260,3637
mcu:,12004,8448,-3576,9979,-6923,8573
mcu:,13812,5136,-10064,-4452,1446,441
mcu:,6300,12124,8380,-13964,9760,-19527
mcu:,5352,13224,8308,-359,2617,-4168
mcu:,12472,9872,384,5128,-10762,10433
mcu:,12472,9872,384,5128,-10762,10433
mcu:,9640,9148,3324,-13590,10409,-15782
mcu:,4708,11712,6472,-491,2969,-2439
mcu:,10300,9644,1056,11768,-10009,5229
mcu:,13672,6296,-6608,-5475,1037,154
mcu:,7088,9436,3112,-11634,7309,-16615
mcu:,5732,12296,8828,-960,2201,-2996
mcu:,7404,12776,6356,7118,-11658,7800
mcu:,13040,4836,-10624,-5098,3370,-194
mcu:,4808,16456,9356,-15226,1462,-12322
mcu:,5372,12704,9292,-814,1526,-2282
mcu:,11320,10976,-1716,7359,-8338,6069
mcu:,12420,8084,-9464,750,-640,512
mcu:,8728,8304,424,-14050,11652,-10845
mcu:,5836,11192,6668,-40,2245,-1541
mcu:,9012,13480,3248,10102,-10525,9909
mcu:,12672,5424,-10820,-3518,2046,2225
mcu:,4184,14784,5640,-12004,11232,-20228
mcu:,3248,13508,9096,-700,1689,-3472
mcu:,8740,10556,-1424,10612,-8568,7159
mcu:,13888,6592,-8176,-6658,1999,197
mcu:,3164,15420,9868,-10386,5289,-16924
mcu:,4008,13836,8600,2526,298,-1015
mcu:,10976,11000,-2532,12655,-9104,10696
mcu:,11968,3988,-13096,-1041,2814,-1366
mcu:,4380,9536,2816,-10501,12515,-16669
mcu:,5272,12144,7920,-2568,3761,-3392
mcu:,9308,11628,2156,6894,-11278,9106
mcu:,13028,5588,-12408,-620,1834,292
mcu:,5588,10660,4492,-9923,13623,-18620
mcu:,3052,13444,8024,3670,2477,2656
mcu:,11392,9932,-3116,11336,-10198,8798
mcu:,13160,4392,-10228,-1354,939,-658
mcu:,7300,10360,428,-4042,14137,-14919
mcu:,3500,11612,6896,2353,3715,-5157
mcu:,8844,9760,-572,10024,-13510,10399
mcu:,13212,6848,-9488,-2800,3057,-1253
mcu:,740,7888,6072,-11865,8865,-27449
mcu:,2572,15608,8356,1651,6282,-7528
mcu:,8068,7256,-3912,14209,-11310,9227
mcu:,12548,5428,-7364,-7506,545,-2094
mcu:,-64,16828,13640,-14586,4913,-18336
mcu:,3800,15668,10352,2439,495,-2674
mcu:,12872,8676,-5996,12399,-5060,2245
mcu:,13324,5460,-10640,-8976,3191,-2042
mcu:,6904,12004,8292,-12087,9793,-23456
mcu:,3584,15976,10752,5866,2408,-1349
mcu:,11868,4264,-8184,12741,-7526,6427
mcu:,13596,4384,-10580,-9816,4944,-481
mcu:,2372,19376,8348,-15862,5068,-12240
mcu:,3016,15836,10920,1959,-2470,2976
mcu:,11376,8100,-8680,13700,-3873,4831
mcu:,11376,8100,-8680,13700,-3873,4831
mcu:,2896,20656,10376,-13741,1123,1580
mcu:,4220,14908,10704,3400,-3618,5495
mcu:,12452,7492,-9756,15173,-3734,4023
mcu:,10808,7808,-5580,-9705,14490,-9790
mcu:,2652,14892,8416,-87,-4226,9500
mcu:,5456,16144,10208,9493,-8423,13068
mcu:,5456,16144,10208,9493,-8423,13068
mcu:,5456,16144,10208,9493,-8423,13068
mcu:,5876,16312,8500,-15551,900,2465
mcu:,4700,16156,10376,4329,-1949,6556
mcu:,4700,16156,10376,4329,-1949,6556
mcu:,4700,16156,10376,4329,-1949,6556
mcu:,1384,18832,8404,-6396,8780,-10291
mcu:,6880,17396,8216,8552,-6931,9749
mcu:,14512,1728,-10864,8702,-4478,3099
mcu:,10636,4208,-2760,-15701,14198,-11117
mcu:,2632,13392,9124,-890,-1982,4807
mcu:,8164,13212,5988,8314,-10030,13290
mcu:,13472,4720,-9880,589,-5108,767
mcu:,13188,6636,-8260,-10333,5161,-5199
mcu:,5352,16780,10324,-6466,7515,-4117
mcu:,4436,14972,9880,2548,-907,1865
mcu:,12624,5720,-2096,9170,-6076,7673
mcu:,14036,5644,-8872,-5360,2242,-1147
mcu:,956,10388,5960,-11332,7572,-18380
mcu:,4128,14168,8908,2,1624,-383
mcu:,13256,8028,-6636,13224,-6658,11030
mcu:,15268,4156,-8740,-4263,2747,-601
mcu:,8964,7084,932,-9666,7934,-17777
mcu:,2540,13852,9092,2672,1147,1841
mcu:,10672,10076,-1452,11188,-8143,9482
mcu:,14600,4388,-9876,-2713,2805,-493
mcu:,4748,12308,5460,-9342,6393,-17652
mcu:,3496,17296,9412,4116,-2168,3951
mcu:,12056,5264,-6788,12566,-6642,5856
mcu:,12056,5264,-6788,12566,-6642,5856
mcu:,3188,15532,12272,-5822,9808,-3713
mcu:,5576,14444,9024,10221,-6803,10774
mcu:,14284,5912,-5472,8973,-3406,3910
mcu:,14144,7044,-6764,-10444,13352,-5860
mcu:,1888,15968,10432,-4372,7043,-1382
mcu:,9140,9580,672,8870,-7594,11166
mcu:,13864,6092,-9344,4105,-495,1082
mcu:,12512,12988,-3508,-7651,10555,-11662
mcu:,4152,13256,7756,-289,1317,1205
mcu:,7268,13992,6204,7838,-11285,12055
mcu:,13576,4976,-10188,3020,1781,316
mcu:,12024,10788,-6308,-10543,8287,-9384
mcu:,3964,11456,8200,2855,-3681,7751
mcu:,9396,12352,2144,11415,-10411,11072
mcu:,13596,5812,-9768,2636,2031,-898
mcu:,13900,9296,-6536,-10745,7003,-5579
mcu:,1240,16008,11392,-966,-2228,9418
mcu:,8788,11640,2792,6759,-12576,10354
mcu:,13100,5752,-10200,1532,-961,1525
mcu:,10964,8884,2076,-13603,10126,-11613
mcu:,2976,12428,8720,-1419,-1607,6408
mcu:,9628,12028,1864,8359,-9020,6095
mcu:,11608,6532,-11500,180,153,266
mcu:,6472,13616,9864,-12475,8111,-13071
mcu:,6500,13672,8660,1430,-297,-511
mcu:,13016,6104,-3452,10084,-6679,8731
mcu:,14664,6308,-6588,-9696,2547,-420
mcu:,4748,18752,9448,-5348,11639,-15590
mcu:,3796,12640,8648,397,2120,-935
mcu:,8700,14804,4980,9994,-11194,9800
mcu:,13264,7296,-8868,-4029,-1784,2993
mcu:,7196,9776,852,-13358,8973,-13057
mcu:,5340,10988,6976,263,1478,-1355
mcu:,9004,14348,4020,5889,-9838,9284
mcu:,9004,14348,4020,5889,-9838,9284
mcu:,14192,9168,-7340,-6861,7414,-6604
mcu:,2996,19044,9744,-8600,5401,-2109
mcu:,7608,13496,4384,11093,-9373,10121
mcu:,12480,3548,-13220,5386,-2269,2526
mcu:,12408,7928,-5512,-14136,12196,-5715
mcu:,2436,18976,11412,-3989,830,-1153
mcu:,8884,8360,-992,8747,-11137,9969
mcu:,11920,4904,-12176,2329,-382,325
mcu:,11588,8612,-3528,-10331,11368,-9911
mcu:,4212,15940,7064,-714,2182,3013
mcu:,9060,12152,2644,10894,-12378,15048
mcu:,8952,1900,-16656,581,-313,1424
mcu:,12708,7568,-3248,-13118,16858,-10142
mcu:,4120,13440,7228,-481,-2998,5398
mcu:,9796,8008,-200,10387,-11050,11583
mcu:,12916,4468,-12128,-970,1697,90
mcu:,10836,9784,-796,-6492,12078,-13793
mcu:,3696,13424,6532,-1149,4882,-562
mcu:,8868,13928,4616,6871,-6958,9762
mcu:,12744,6888,-9904,8632,-2924,487
mcu:,12324,7660,-4408,-17209,8490,-5776
mcu:,8196,14184,6156,-1190,1945,-3911
